image: Record_2017-11-17-13-33-13.pgm
resolution: 0.020000
origin: [-10.250000, -10.250000, 0.000000]
negate: 0
occupied_thresh: 0.65
free_thresh: 0.196

